-3.000000000000000000e+00 5.791531211445206766e-03
-2.904761904761904656e+00 9.239858161178770082e-03
-2.809523809523809312e+00 1.447638865407965478e-02
-2.714285714285714413e+00 2.227299647068453625e-02
-2.619047619047619069e+00 3.365279620606832778e-02
-2.523809523809523725e+00 4.993310430148237972e-02
-2.428571428571428825e+00 7.275820229881389822e-02
-2.333333333333333481e+00 1.041124749462566529e-01
-2.238095238095238138e+00 1.463028907775819898e-01
-2.142857142857142794e+00 2.018993450671021372e-01
-2.047619047619047450e+00 2.736227210826817635e-01
-1.952380952380952550e+00 3.641741734718145218e-01
-1.857142857142857206e+00 4.760053608110397239e-01
-1.761904761904761862e+00 6.110379806948662562e-01
-1.666666666666666741e+00 7.703512518118448282e-01
-1.571428571428571619e+00 9.538665981644768310e-01
-1.476190476190476275e+00 1.160067862724792676e+00
-1.380952380952380931e+00 1.385800788495537450e+00
-1.285714285714285809e+00 1.626195254679601687e+00
-1.190476190476190688e+00 1.874746437665757215e+00
-1.095238095238095344e+00 2.123576320513634208e+00
-1.000000000000000000e+00 2.363875807547315855e+00
-9.047619047619051003e-01 2.586502565096811868e+00
-8.095238095238097564e-01 2.782684270178716890e+00
-7.142857142857144126e-01 2.944755536845383492e+00
-6.190476190476190688e-01 3.066843621528991815e+00
-5.238095238095237249e-01 3.145416321156668360e+00
-4.285714285714288252e-01 3.179616769918806707e+00
-3.333333333333334814e-01 3.171333404458144045e+00
-2.380952380952381375e-01 3.124986242126831293e+00
-1.428571428571432378e-01 3.047048004857376924e+00
-4.761904761904789396e-02 2.945354698202742760e+00
4.761904761904744987e-02 2.828289218229739443e+00
1.428571428571427937e-01 2.703938692417521494e+00
2.380952380952381375e-01 2.579328800836662161e+00
3.333333333333330373e-01 2.459825948442760701e+00
4.285714285714283811e-01 2.348773011838445779e+00
5.238095238095237249e-01 2.247390643289501888e+00
6.190476190476186247e-01 2.154939212310516883e+00
7.142857142857139685e-01 2.069102112947906136e+00
8.095238095238093123e-01 1.986524386128064368e+00
9.047619047619046562e-01 1.903424940977162194e+00
1.000000000000000000e+00 1.816197673685592928e+00
1.095238095238094900e+00 1.721925949659212085e+00
1.190476190476189799e+00 1.618753853289717437e+00
1.285714285714285587e+00 1.506082620007255679e+00
1.380952380952380487e+00 1.384587443395538964e+00
1.476190476190476275e+00 1.256074244230431791e+00
1.571428571428571175e+00 1.123214662037358869e+00
1.666666666666666075e+00 9.892084237602162267e-01
1.761904761904761862e+00 8.574247710352763674e-01
1.857142857142856762e+00 7.310695908325938186e-01
1.952380952380952550e+00 6.129141736092230675e-01
2.047619047619047450e+00 5.051076106132511567e-01
2.142857142857142350e+00 4.090803328246376269e-01
2.238095238095238138e+00 3.255334342564173977e-01
2.333333333333333037e+00 2.544987904705088844e-01
2.428571428571427937e+00 1.954493456979396193e-01
2.523809523809523725e+00 1.474372812736400029e-01
2.619047619047618625e+00 1.092394561557740729e-01
2.714285714285713524e+00 7.949351042558557012e-02
2.809523809523809312e+00 5.681320679672761248e-02
2.904761904761904212e+00 3.987691366423451456e-02
3.000000000000000000e+00 2.748781368527765390e-02
